0
8
16
24
32
40
48
56
64
72
80
88
104
112
120
128
136
144
152
160
168
176
184
192
200
208
216
224
232
240
248
256
264
272
278
288
304
312
320
328
336
344
352
360
368
376
384
392
408
424
440
456
472
488
504
520
536
552
568
584
602
616
632
648
664
688
702
716
730
744
760
776
787
808
824
840
856
872
888
904
920
936
952
960
978
992
1008
1024
1032
1040
1048
1056
1064
1072
1080
1088
1096
1104
1112
1120
1132
1140
1148
1156
1164
1172
1180
1188
1196
1204
1212
1220
1230
1238
1246
1254
1262
1270
1278
1286
1294
1302
1310
1318
1330
1338
1346
1354
1362
1370
1374
1378
1382
1386
1390
1394
1398
1402
1406
1410
1414
1418
1422
1430
1434
1438
1446
1454
1462
1470
